Year, Weekdays Count, Weekends Count, Total Count
2009, 13666, 3297, 16963
2010, 28717, 3146, 31863
2011, 11435, 4034, 15469
2012, 17286, 2143, 19429
2013, 21559, 5257, 26816
2014, 31542, 3218, 34760
2015, 48105, 17079, 65184
2016, 37376, 14765, 52141
2017, 45717, 6878, 52595
2018, 55598, 18012, 73610
2019, 67869, 17606, 85475
2020, 21024, 7907, 28931
2021, 29976, 9835, 39811
2022, 14310, 2355, 16665
